956,37
956,36
956,35
180,3
10,9
180,1
179,4
179,3
11,30
179,1
178,7
178,4
178,3
178,1
177,8
177,5
177,3
177,1
176,3
8,5
8,11
8,15
8,14
176,1
175,3
175,1
173,3
173,1
172,3
172,1
171,6
171,5
171,4
171,3
171,1
170,3
170,1
169,3
169,1
168,3
168,1
167,10
167,9
167,7
167,6
167,3
167,1
20,3
20,2
20,1
19,2
14,68
14,20
14,19
14,18
19,1
14,17
14,16
14,15
14,14
14,13
14,12
19,3
14,11
14,10
14,7
14,4
13,7
12,3
12,2
12,1
11,29
11,27
11,26
11,25
11,24
11,21
11,20
11,19
11,17
11,16
11,15
11,14
11,13
11,10
11,8
11,7
11,5
11,4
11,3
11,2
11,1
10,312
10,310
10,300
10,291
10,289
10,286
10,274
10,261
10,259
10,257
10,254
10,232
10,219
10,217
10,214
10,187
10,174
10,172
10,169
10,167
10,164
10,163
10,160
10,147
10,109
10,103
10,91
18,1
10,81
18,3
10,30
10,24
14,1
10,11
10,3
14,6
10,2
14,3
10,1
9,7
9,6
9,5
13,1
9,4
9,3
13,5
9,2
13,3
9,1
8,18
8,17
8,16
8,12
8,10
8,9
8,7
8,6
8,4
8,3
8,2
8,1
3,3
3,2
3,1
2,2
2,1
0,510
0,504
2,3
0,470
0,450
0,293
0,270
0,9
0,0
956,34
956,33
956,32
956,31
956,30
956,29
956,28
956,27
956,26
956,25
956,24
956,23
956,22
956,21
956,20
956,19
956,18
956,17
956,16
956,15
956,14
956,13
956,12
956,11
956,10
956,9
956,8
956,7
956,6
956,5
956,4
956,3
956,2
956,0
0,523
0,520
0,519
0,555
0,554
0,553
0,503
0,451
0,409
0,474
0,445
0,455
0,414
0,276
0,491
0,421
0,420
0,275
0,281
0,272
0,530
0,271
0,457
0,12
0,449
0,10
0,501
0,8
0,508
0,575
0,268
0,301
0,437
0,267
0,464
0,408
0,266
0,397
0,295
0,265
0,490
0,292
0,264
0,316
0,388
0,263
0,435
0,308
0,262
0,291
0,651
0,261
0,309
0,434
0,260
0,538
0,650
0,259
0,305
0,258
0,402
0,299
0,257
0,468
0,393
0,256
0,432
0,298
0,255
0,571
0,254
0,392
0,253
0,431
0,485
0,252
0,289
0,251
0,430
0,288
0,250
0,425
0,282
0,249
0,384
0,422
0,248
0,518
0,482
0,247
0,418
0,539
0,246
0,526
